# camera calibration matrix K
fx: 322.28241
fy: 322.28241
px:  320.818268
py:  178.779297

# rotation matrix R (in deg) (drone is assumed to be at 90° pitch, 90° roll)
yaw:    0.0
pitch: 90.0
roll:  90.0

# vehicle coords of camera origin
XCam:  28.84452
YCam:   0.0
ZCam: 100.0